/*--------------------------------*- C++ -*----------------------------------*\
| =========                 |                                                 |
| \\      /  F ield         | OpenFOAM: The Open Source CFD Toolbox           |
|  \\    /   O peration     | Version:  2412                                  |
|   \\  /    A nd           | Website:  www.openfoam.com                      |
|    \\/     M anipulation  |                                                 |
\*---------------------------------------------------------------------------*/
FoamFile
{
    version     2.0;
    format      ascii;
    arch        "LSB;label=32;scalar=64";
    class       vectorField;
    location    "constant/polyMesh";
    object      points;
}
// * * * * * * * * * * * * * * * * * * * * * * * * * * * * * * * * * * * * * //


1722
(
(0 0 -1)
(500 0 -1)
(1000 0 -1)
(1500 0 -1)
(2000 0 -1)
(2500 0 -1)
(3000 0 -1)
(3500 0 -1)
(4000 0 -1)
(4500 0 -1)
(5000 0 -1)
(5500 0 -1)
(6000 0 -1)
(6500 0 -1)
(7000 0 -1)
(7500 0 -1)
(8000 0 -1)
(8500 0 -1)
(9000 0 -1)
(9500 0 -1)
(10000 0 -1)
(0 250 -1)
(500 250 -1)
(1000 250 -1)
(1500 250 -1)
(2000 250 -1)
(2500 250 -1)
(3000 250 -1)
(3500 250 -1)
(4000 250 -1)
(4500 250 -1)
(5000 250 -1)
(5500 250 -1)
(6000 250 -1)
(6500 250 -1)
(7000 250 -1)
(7500 250 -1)
(8000 250 -1)
(8500 250 -1)
(9000 250 -1)
(9500 250 -1)
(10000 250 -1)
(0 500 -1)
(500 500 -1)
(1000 500 -1)
(1500 500 -1)
(2000 500 -1)
(2500 500 -1)
(3000 500 -1)
(3500 500 -1)
(4000 500 -1)
(4500 500 -1)
(5000 500 -1)
(5500 500 -1)
(6000 500 -1)
(6500 500 -1)
(7000 500 -1)
(7500 500 -1)
(8000 500 -1)
(8500 500 -1)
(9000 500 -1)
(9500 500 -1)
(10000 500 -1)
(0 750 -1)
(500 750 -1)
(1000 750 -1)
(1500 750 -1)
(2000 750 -1)
(2500 750 -1)
(3000 750 -1)
(3500 750 -1)
(4000 750 -1)
(4500 750 -1)
(5000 750 -1)
(5500 750 -1)
(6000 750 -1)
(6500 750 -1)
(7000 750 -1)
(7500 750 -1)
(8000 750 -1)
(8500 750 -1)
(9000 750 -1)
(9500 750 -1)
(10000 750 -1)
(0 1000 -1)
(500 1000 -1)
(1000 1000 -1)
(1500 1000 -1)
(2000 1000 -1)
(2500 1000 -1)
(3000 1000 -1)
(3500 1000 -1)
(4000 1000 -1)
(4500 1000 -1)
(5000 1000 -1)
(5500 1000 -1)
(6000 1000 -1)
(6500 1000 -1)
(7000 1000 -1)
(7500 1000 -1)
(8000 1000 -1)
(8500 1000 -1)
(9000 1000 -1)
(9500 1000 -1)
(10000 1000 -1)
(0 1250 -1)
(500 1250 -1)
(1000 1250 -1)
(1500 1250 -1)
(2000 1250 -1)
(2500 1250 -1)
(3000 1250 -1)
(3500 1250 -1)
(4000 1250 -1)
(4500 1250 -1)
(5000 1250 -1)
(5500 1250 -1)
(6000 1250 -1)
(6500 1250 -1)
(7000 1250 -1)
(7500 1250 -1)
(8000 1250 -1)
(8500 1250 -1)
(9000 1250 -1)
(9500 1250 -1)
(10000 1250 -1)
(0 1500 -1)
(500 1500 -1)
(1000 1500 -1)
(1500 1500 -1)
(2000 1500 -1)
(2500 1500 -1)
(3000 1500 -1)
(3500 1500 -1)
(4000 1500 -1)
(4500 1500 -1)
(5000 1500 -1)
(5500 1500 -1)
(6000 1500 -1)
(6500 1500 -1)
(7000 1500 -1)
(7500 1500 -1)
(8000 1500 -1)
(8500 1500 -1)
(9000 1500 -1)
(9500 1500 -1)
(10000 1500 -1)
(0 1750 -1)
(500 1750 -1)
(1000 1750 -1)
(1500 1750 -1)
(2000 1750 -1)
(2500 1750 -1)
(3000 1750 -1)
(3500 1750 -1)
(4000 1750 -1)
(4500 1750 -1)
(5000 1750 -1)
(5500 1750 -1)
(6000 1750 -1)
(6500 1750 -1)
(7000 1750 -1)
(7500 1750 -1)
(8000 1750 -1)
(8500 1750 -1)
(9000 1750 -1)
(9500 1750 -1)
(10000 1750 -1)
(0 2000 -1)
(500 2000 -1)
(1000 2000 -1)
(1500 2000 -1)
(2000 2000 -1)
(2500 2000 -1)
(3000 2000 -1)
(3500 2000 -1)
(4000 2000 -1)
(4500 2000 -1)
(5000 2000 -1)
(5500 2000 -1)
(6000 2000 -1)
(6500 2000 -1)
(7000 2000 -1)
(7500 2000 -1)
(8000 2000 -1)
(8500 2000 -1)
(9000 2000 -1)
(9500 2000 -1)
(10000 2000 -1)
(0 2250 -1)
(500 2250 -1)
(1000 2250 -1)
(1500 2250 -1)
(2000 2250 -1)
(2500 2250 -1)
(3000 2250 -1)
(3500 2250 -1)
(4000 2250 -1)
(4500 2250 -1)
(5000 2250 -1)
(5500 2250 -1)
(6000 2250 -1)
(6500 2250 -1)
(7000 2250 -1)
(7500 2250 -1)
(8000 2250 -1)
(8500 2250 -1)
(9000 2250 -1)
(9500 2250 -1)
(10000 2250 -1)
(0 2500 -1)
(500 2500 -1)
(1000 2500 -1)
(1500 2500 -1)
(2000 2500 -1)
(2500 2500 -1)
(3000 2500 -1)
(3500 2500 -1)
(4000 2500 -1)
(4500 2500 -1)
(5000 2500 -1)
(5500 2500 -1)
(6000 2500 -1)
(6500 2500 -1)
(7000 2500 -1)
(7500 2500 -1)
(8000 2500 -1)
(8500 2500 -1)
(9000 2500 -1)
(9500 2500 -1)
(10000 2500 -1)
(0 2750 -1)
(500 2750 -1)
(1000 2750 -1)
(1500 2750 -1)
(2000 2750 -1)
(2500 2750 -1)
(3000 2750 -1)
(3500 2750 -1)
(4000 2750 -1)
(4500 2750 -1)
(5000 2750 -1)
(5500 2750 -1)
(6000 2750 -1)
(6500 2750 -1)
(7000 2750 -1)
(7500 2750 -1)
(8000 2750 -1)
(8500 2750 -1)
(9000 2750 -1)
(9500 2750 -1)
(10000 2750 -1)
(0 3000 -1)
(500 3000 -1)
(1000 3000 -1)
(1500 3000 -1)
(2000 3000 -1)
(2500 3000 -1)
(3000 3000 -1)
(3500 3000 -1)
(4000 3000 -1)
(4500 3000 -1)
(5000 3000 -1)
(5500 3000 -1)
(6000 3000 -1)
(6500 3000 -1)
(7000 3000 -1)
(7500 3000 -1)
(8000 3000 -1)
(8500 3000 -1)
(9000 3000 -1)
(9500 3000 -1)
(10000 3000 -1)
(0 3250 -1)
(500 3250 -1)
(1000 3250 -1)
(1500 3250 -1)
(2000 3250 -1)
(2500 3250 -1)
(3000 3250 -1)
(3500 3250 -1)
(4000 3250 -1)
(4500 3250 -1)
(5000 3250 -1)
(5500 3250 -1)
(6000 3250 -1)
(6500 3250 -1)
(7000 3250 -1)
(7500 3250 -1)
(8000 3250 -1)
(8500 3250 -1)
(9000 3250 -1)
(9500 3250 -1)
(10000 3250 -1)
(0 3500 -1)
(500 3500 -1)
(1000 3500 -1)
(1500 3500 -1)
(2000 3500 -1)
(2500 3500 -1)
(3000 3500 -1)
(3500 3500 -1)
(4000 3500 -1)
(4500 3500 -1)
(5000 3500 -1)
(5500 3500 -1)
(6000 3500 -1)
(6500 3500 -1)
(7000 3500 -1)
(7500 3500 -1)
(8000 3500 -1)
(8500 3500 -1)
(9000 3500 -1)
(9500 3500 -1)
(10000 3500 -1)
(0 3750 -1)
(500 3750 -1)
(1000 3750 -1)
(1500 3750 -1)
(2000 3750 -1)
(2500 3750 -1)
(3000 3750 -1)
(3500 3750 -1)
(4000 3750 -1)
(4500 3750 -1)
(5000 3750 -1)
(5500 3750 -1)
(6000 3750 -1)
(6500 3750 -1)
(7000 3750 -1)
(7500 3750 -1)
(8000 3750 -1)
(8500 3750 -1)
(9000 3750 -1)
(9500 3750 -1)
(10000 3750 -1)
(0 4000 -1)
(500 4000 -1)
(1000 4000 -1)
(1500 4000 -1)
(2000 4000 -1)
(2500 4000 -1)
(3000 4000 -1)
(3500 4000 -1)
(4000 4000 -1)
(4500 4000 -1)
(5000 4000 -1)
(5500 4000 -1)
(6000 4000 -1)
(6500 4000 -1)
(7000 4000 -1)
(7500 4000 -1)
(8000 4000 -1)
(8500 4000 -1)
(9000 4000 -1)
(9500 4000 -1)
(10000 4000 -1)
(0 4250 -1)
(500 4250 -1)
(1000 4250 -1)
(1500 4250 -1)
(2000 4250 -1)
(2500 4250 -1)
(3000 4250 -1)
(3500 4250 -1)
(4000 4250 -1)
(4500 4250 -1)
(5000 4250 -1)
(5500 4250 -1)
(6000 4250 -1)
(6500 4250 -1)
(7000 4250 -1)
(7500 4250 -1)
(8000 4250 -1)
(8500 4250 -1)
(9000 4250 -1)
(9500 4250 -1)
(10000 4250 -1)
(0 4500 -1)
(500 4500 -1)
(1000 4500 -1)
(1500 4500 -1)
(2000 4500 -1)
(2500 4500 -1)
(3000 4500 -1)
(3500 4500 -1)
(4000 4500 -1)
(4500 4500 -1)
(5000 4500 -1)
(5500 4500 -1)
(6000 4500 -1)
(6500 4500 -1)
(7000 4500 -1)
(7500 4500 -1)
(8000 4500 -1)
(8500 4500 -1)
(9000 4500 -1)
(9500 4500 -1)
(10000 4500 -1)
(0 4750 -1)
(500 4750 -1)
(1000 4750 -1)
(1500 4750 -1)
(2000 4750 -1)
(2500 4750 -1)
(3000 4750 -1)
(3500 4750 -1)
(4000 4750 -1)
(4500 4750 -1)
(5000 4750 -1)
(5500 4750 -1)
(6000 4750 -1)
(6500 4750 -1)
(7000 4750 -1)
(7500 4750 -1)
(8000 4750 -1)
(8500 4750 -1)
(9000 4750 -1)
(9500 4750 -1)
(10000 4750 -1)
(0 5000 -1)
(500 5000 -1)
(1000 5000 -1)
(1500 5000 -1)
(2000 5000 -1)
(2500 5000 -1)
(3000 5000 -1)
(3500 5000 -1)
(4000 5000 -1)
(4500 5000 -1)
(5000 5000 -1)
(5500 5000 -1)
(6000 5000 -1)
(6500 5000 -1)
(7000 5000 -1)
(7500 5000 -1)
(8000 5000 -1)
(8500 5000 -1)
(9000 5000 -1)
(9500 5000 -1)
(10000 5000 -1)
(0 5250 -1)
(500 5250 -1)
(1000 5250 -1)
(1500 5250 -1)
(2000 5250 -1)
(2500 5250 -1)
(3000 5250 -1)
(3500 5250 -1)
(4000 5250 -1)
(4500 5250 -1)
(5000 5250 -1)
(5500 5250 -1)
(6000 5250 -1)
(6500 5250 -1)
(7000 5250 -1)
(7500 5250 -1)
(8000 5250 -1)
(8500 5250 -1)
(9000 5250 -1)
(9500 5250 -1)
(10000 5250 -1)
(0 5500 -1)
(500 5500 -1)
(1000 5500 -1)
(1500 5500 -1)
(2000 5500 -1)
(2500 5500 -1)
(3000 5500 -1)
(3500 5500 -1)
(4000 5500 -1)
(4500 5500 -1)
(5000 5500 -1)
(5500 5500 -1)
(6000 5500 -1)
(6500 5500 -1)
(7000 5500 -1)
(7500 5500 -1)
(8000 5500 -1)
(8500 5500 -1)
(9000 5500 -1)
(9500 5500 -1)
(10000 5500 -1)
(0 5750 -1)
(500 5750 -1)
(1000 5750 -1)
(1500 5750 -1)
(2000 5750 -1)
(2500 5750 -1)
(3000 5750 -1)
(3500 5750 -1)
(4000 5750 -1)
(4500 5750 -1)
(5000 5750 -1)
(5500 5750 -1)
(6000 5750 -1)
(6500 5750 -1)
(7000 5750 -1)
(7500 5750 -1)
(8000 5750 -1)
(8500 5750 -1)
(9000 5750 -1)
(9500 5750 -1)
(10000 5750 -1)
(0 6000 -1)
(500 6000 -1)
(1000 6000 -1)
(1500 6000 -1)
(2000 6000 -1)
(2500 6000 -1)
(3000 6000 -1)
(3500 6000 -1)
(4000 6000 -1)
(4500 6000 -1)
(5000 6000 -1)
(5500 6000 -1)
(6000 6000 -1)
(6500 6000 -1)
(7000 6000 -1)
(7500 6000 -1)
(8000 6000 -1)
(8500 6000 -1)
(9000 6000 -1)
(9500 6000 -1)
(10000 6000 -1)
(0 6250 -1)
(500 6250 -1)
(1000 6250 -1)
(1500 6250 -1)
(2000 6250 -1)
(2500 6250 -1)
(3000 6250 -1)
(3500 6250 -1)
(4000 6250 -1)
(4500 6250 -1)
(5000 6250 -1)
(5500 6250 -1)
(6000 6250 -1)
(6500 6250 -1)
(7000 6250 -1)
(7500 6250 -1)
(8000 6250 -1)
(8500 6250 -1)
(9000 6250 -1)
(9500 6250 -1)
(10000 6250 -1)
(0 6500 -1)
(500 6500 -1)
(1000 6500 -1)
(1500 6500 -1)
(2000 6500 -1)
(2500 6500 -1)
(3000 6500 -1)
(3500 6500 -1)
(4000 6500 -1)
(4500 6500 -1)
(5000 6500 -1)
(5500 6500 -1)
(6000 6500 -1)
(6500 6500 -1)
(7000 6500 -1)
(7500 6500 -1)
(8000 6500 -1)
(8500 6500 -1)
(9000 6500 -1)
(9500 6500 -1)
(10000 6500 -1)
(0 6750 -1)
(500 6750 -1)
(1000 6750 -1)
(1500 6750 -1)
(2000 6750 -1)
(2500 6750 -1)
(3000 6750 -1)
(3500 6750 -1)
(4000 6750 -1)
(4500 6750 -1)
(5000 6750 -1)
(5500 6750 -1)
(6000 6750 -1)
(6500 6750 -1)
(7000 6750 -1)
(7500 6750 -1)
(8000 6750 -1)
(8500 6750 -1)
(9000 6750 -1)
(9500 6750 -1)
(10000 6750 -1)
(0 7000 -1)
(500 7000 -1)
(1000 7000 -1)
(1500 7000 -1)
(2000 7000 -1)
(2500 7000 -1)
(3000 7000 -1)
(3500 7000 -1)
(4000 7000 -1)
(4500 7000 -1)
(5000 7000 -1)
(5500 7000 -1)
(6000 7000 -1)
(6500 7000 -1)
(7000 7000 -1)
(7500 7000 -1)
(8000 7000 -1)
(8500 7000 -1)
(9000 7000 -1)
(9500 7000 -1)
(10000 7000 -1)
(0 7250 -1)
(500 7250 -1)
(1000 7250 -1)
(1500 7250 -1)
(2000 7250 -1)
(2500 7250 -1)
(3000 7250 -1)
(3500 7250 -1)
(4000 7250 -1)
(4500 7250 -1)
(5000 7250 -1)
(5500 7250 -1)
(6000 7250 -1)
(6500 7250 -1)
(7000 7250 -1)
(7500 7250 -1)
(8000 7250 -1)
(8500 7250 -1)
(9000 7250 -1)
(9500 7250 -1)
(10000 7250 -1)
(0 7500 -1)
(500 7500 -1)
(1000 7500 -1)
(1500 7500 -1)
(2000 7500 -1)
(2500 7500 -1)
(3000 7500 -1)
(3500 7500 -1)
(4000 7500 -1)
(4500 7500 -1)
(5000 7500 -1)
(5500 7500 -1)
(6000 7500 -1)
(6500 7500 -1)
(7000 7500 -1)
(7500 7500 -1)
(8000 7500 -1)
(8500 7500 -1)
(9000 7500 -1)
(9500 7500 -1)
(10000 7500 -1)
(0 7750 -1)
(500 7750 -1)
(1000 7750 -1)
(1500 7750 -1)
(2000 7750 -1)
(2500 7750 -1)
(3000 7750 -1)
(3500 7750 -1)
(4000 7750 -1)
(4500 7750 -1)
(5000 7750 -1)
(5500 7750 -1)
(6000 7750 -1)
(6500 7750 -1)
(7000 7750 -1)
(7500 7750 -1)
(8000 7750 -1)
(8500 7750 -1)
(9000 7750 -1)
(9500 7750 -1)
(10000 7750 -1)
(0 8000 -1)
(500 8000 -1)
(1000 8000 -1)
(1500 8000 -1)
(2000 8000 -1)
(2500 8000 -1)
(3000 8000 -1)
(3500 8000 -1)
(4000 8000 -1)
(4500 8000 -1)
(5000 8000 -1)
(5500 8000 -1)
(6000 8000 -1)
(6500 8000 -1)
(7000 8000 -1)
(7500 8000 -1)
(8000 8000 -1)
(8500 8000 -1)
(9000 8000 -1)
(9500 8000 -1)
(10000 8000 -1)
(0 8250 -1)
(500 8250 -1)
(1000 8250 -1)
(1500 8250 -1)
(2000 8250 -1)
(2500 8250 -1)
(3000 8250 -1)
(3500 8250 -1)
(4000 8250 -1)
(4500 8250 -1)
(5000 8250 -1)
(5500 8250 -1)
(6000 8250 -1)
(6500 8250 -1)
(7000 8250 -1)
(7500 8250 -1)
(8000 8250 -1)
(8500 8250 -1)
(9000 8250 -1)
(9500 8250 -1)
(10000 8250 -1)
(0 8500 -1)
(500 8500 -1)
(1000 8500 -1)
(1500 8500 -1)
(2000 8500 -1)
(2500 8500 -1)
(3000 8500 -1)
(3500 8500 -1)
(4000 8500 -1)
(4500 8500 -1)
(5000 8500 -1)
(5500 8500 -1)
(6000 8500 -1)
(6500 8500 -1)
(7000 8500 -1)
(7500 8500 -1)
(8000 8500 -1)
(8500 8500 -1)
(9000 8500 -1)
(9500 8500 -1)
(10000 8500 -1)
(0 8750 -1)
(500 8750 -1)
(1000 8750 -1)
(1500 8750 -1)
(2000 8750 -1)
(2500 8750 -1)
(3000 8750 -1)
(3500 8750 -1)
(4000 8750 -1)
(4500 8750 -1)
(5000 8750 -1)
(5500 8750 -1)
(6000 8750 -1)
(6500 8750 -1)
(7000 8750 -1)
(7500 8750 -1)
(8000 8750 -1)
(8500 8750 -1)
(9000 8750 -1)
(9500 8750 -1)
(10000 8750 -1)
(0 9000 -1)
(500 9000 -1)
(1000 9000 -1)
(1500 9000 -1)
(2000 9000 -1)
(2500 9000 -1)
(3000 9000 -1)
(3500 9000 -1)
(4000 9000 -1)
(4500 9000 -1)
(5000 9000 -1)
(5500 9000 -1)
(6000 9000 -1)
(6500 9000 -1)
(7000 9000 -1)
(7500 9000 -1)
(8000 9000 -1)
(8500 9000 -1)
(9000 9000 -1)
(9500 9000 -1)
(10000 9000 -1)
(0 9250 -1)
(500 9250 -1)
(1000 9250 -1)
(1500 9250 -1)
(2000 9250 -1)
(2500 9250 -1)
(3000 9250 -1)
(3500 9250 -1)
(4000 9250 -1)
(4500 9250 -1)
(5000 9250 -1)
(5500 9250 -1)
(6000 9250 -1)
(6500 9250 -1)
(7000 9250 -1)
(7500 9250 -1)
(8000 9250 -1)
(8500 9250 -1)
(9000 9250 -1)
(9500 9250 -1)
(10000 9250 -1)
(0 9500 -1)
(500 9500 -1)
(1000 9500 -1)
(1500 9500 -1)
(2000 9500 -1)
(2500 9500 -1)
(3000 9500 -1)
(3500 9500 -1)
(4000 9500 -1)
(4500 9500 -1)
(5000 9500 -1)
(5500 9500 -1)
(6000 9500 -1)
(6500 9500 -1)
(7000 9500 -1)
(7500 9500 -1)
(8000 9500 -1)
(8500 9500 -1)
(9000 9500 -1)
(9500 9500 -1)
(10000 9500 -1)
(0 9750 -1)
(500 9750 -1)
(1000 9750 -1)
(1500 9750 -1)
(2000 9750 -1)
(2500 9750 -1)
(3000 9750 -1)
(3500 9750 -1)
(4000 9750 -1)
(4500 9750 -1)
(5000 9750 -1)
(5500 9750 -1)
(6000 9750 -1)
(6500 9750 -1)
(7000 9750 -1)
(7500 9750 -1)
(8000 9750 -1)
(8500 9750 -1)
(9000 9750 -1)
(9500 9750 -1)
(10000 9750 -1)
(0 10000 -1)
(500 10000 -1)
(1000 10000 -1)
(1500 10000 -1)
(2000 10000 -1)
(2500 10000 -1)
(3000 10000 -1)
(3500 10000 -1)
(4000 10000 -1)
(4500 10000 -1)
(5000 10000 -1)
(5500 10000 -1)
(6000 10000 -1)
(6500 10000 -1)
(7000 10000 -1)
(7500 10000 -1)
(8000 10000 -1)
(8500 10000 -1)
(9000 10000 -1)
(9500 10000 -1)
(10000 10000 -1)
(0 0 1)
(500 0 1)
(1000 0 1)
(1500 0 1)
(2000 0 1)
(2500 0 1)
(3000 0 1)
(3500 0 1)
(4000 0 1)
(4500 0 1)
(5000 0 1)
(5500 0 1)
(6000 0 1)
(6500 0 1)
(7000 0 1)
(7500 0 1)
(8000 0 1)
(8500 0 1)
(9000 0 1)
(9500 0 1)
(10000 0 1)
(0 250 1)
(500 250 1)
(1000 250 1)
(1500 250 1)
(2000 250 1)
(2500 250 1)
(3000 250 1)
(3500 250 1)
(4000 250 1)
(4500 250 1)
(5000 250 1)
(5500 250 1)
(6000 250 1)
(6500 250 1)
(7000 250 1)
(7500 250 1)
(8000 250 1)
(8500 250 1)
(9000 250 1)
(9500 250 1)
(10000 250 1)
(0 500 1)
(500 500 1)
(1000 500 1)
(1500 500 1)
(2000 500 1)
(2500 500 1)
(3000 500 1)
(3500 500 1)
(4000 500 1)
(4500 500 1)
(5000 500 1)
(5500 500 1)
(6000 500 1)
(6500 500 1)
(7000 500 1)
(7500 500 1)
(8000 500 1)
(8500 500 1)
(9000 500 1)
(9500 500 1)
(10000 500 1)
(0 750 1)
(500 750 1)
(1000 750 1)
(1500 750 1)
(2000 750 1)
(2500 750 1)
(3000 750 1)
(3500 750 1)
(4000 750 1)
(4500 750 1)
(5000 750 1)
(5500 750 1)
(6000 750 1)
(6500 750 1)
(7000 750 1)
(7500 750 1)
(8000 750 1)
(8500 750 1)
(9000 750 1)
(9500 750 1)
(10000 750 1)
(0 1000 1)
(500 1000 1)
(1000 1000 1)
(1500 1000 1)
(2000 1000 1)
(2500 1000 1)
(3000 1000 1)
(3500 1000 1)
(4000 1000 1)
(4500 1000 1)
(5000 1000 1)
(5500 1000 1)
(6000 1000 1)
(6500 1000 1)
(7000 1000 1)
(7500 1000 1)
(8000 1000 1)
(8500 1000 1)
(9000 1000 1)
(9500 1000 1)
(10000 1000 1)
(0 1250 1)
(500 1250 1)
(1000 1250 1)
(1500 1250 1)
(2000 1250 1)
(2500 1250 1)
(3000 1250 1)
(3500 1250 1)
(4000 1250 1)
(4500 1250 1)
(5000 1250 1)
(5500 1250 1)
(6000 1250 1)
(6500 1250 1)
(7000 1250 1)
(7500 1250 1)
(8000 1250 1)
(8500 1250 1)
(9000 1250 1)
(9500 1250 1)
(10000 1250 1)
(0 1500 1)
(500 1500 1)
(1000 1500 1)
(1500 1500 1)
(2000 1500 1)
(2500 1500 1)
(3000 1500 1)
(3500 1500 1)
(4000 1500 1)
(4500 1500 1)
(5000 1500 1)
(5500 1500 1)
(6000 1500 1)
(6500 1500 1)
(7000 1500 1)
(7500 1500 1)
(8000 1500 1)
(8500 1500 1)
(9000 1500 1)
(9500 1500 1)
(10000 1500 1)
(0 1750 1)
(500 1750 1)
(1000 1750 1)
(1500 1750 1)
(2000 1750 1)
(2500 1750 1)
(3000 1750 1)
(3500 1750 1)
(4000 1750 1)
(4500 1750 1)
(5000 1750 1)
(5500 1750 1)
(6000 1750 1)
(6500 1750 1)
(7000 1750 1)
(7500 1750 1)
(8000 1750 1)
(8500 1750 1)
(9000 1750 1)
(9500 1750 1)
(10000 1750 1)
(0 2000 1)
(500 2000 1)
(1000 2000 1)
(1500 2000 1)
(2000 2000 1)
(2500 2000 1)
(3000 2000 1)
(3500 2000 1)
(4000 2000 1)
(4500 2000 1)
(5000 2000 1)
(5500 2000 1)
(6000 2000 1)
(6500 2000 1)
(7000 2000 1)
(7500 2000 1)
(8000 2000 1)
(8500 2000 1)
(9000 2000 1)
(9500 2000 1)
(10000 2000 1)
(0 2250 1)
(500 2250 1)
(1000 2250 1)
(1500 2250 1)
(2000 2250 1)
(2500 2250 1)
(3000 2250 1)
(3500 2250 1)
(4000 2250 1)
(4500 2250 1)
(5000 2250 1)
(5500 2250 1)
(6000 2250 1)
(6500 2250 1)
(7000 2250 1)
(7500 2250 1)
(8000 2250 1)
(8500 2250 1)
(9000 2250 1)
(9500 2250 1)
(10000 2250 1)
(0 2500 1)
(500 2500 1)
(1000 2500 1)
(1500 2500 1)
(2000 2500 1)
(2500 2500 1)
(3000 2500 1)
(3500 2500 1)
(4000 2500 1)
(4500 2500 1)
(5000 2500 1)
(5500 2500 1)
(6000 2500 1)
(6500 2500 1)
(7000 2500 1)
(7500 2500 1)
(8000 2500 1)
(8500 2500 1)
(9000 2500 1)
(9500 2500 1)
(10000 2500 1)
(0 2750 1)
(500 2750 1)
(1000 2750 1)
(1500 2750 1)
(2000 2750 1)
(2500 2750 1)
(3000 2750 1)
(3500 2750 1)
(4000 2750 1)
(4500 2750 1)
(5000 2750 1)
(5500 2750 1)
(6000 2750 1)
(6500 2750 1)
(7000 2750 1)
(7500 2750 1)
(8000 2750 1)
(8500 2750 1)
(9000 2750 1)
(9500 2750 1)
(10000 2750 1)
(0 3000 1)
(500 3000 1)
(1000 3000 1)
(1500 3000 1)
(2000 3000 1)
(2500 3000 1)
(3000 3000 1)
(3500 3000 1)
(4000 3000 1)
(4500 3000 1)
(5000 3000 1)
(5500 3000 1)
(6000 3000 1)
(6500 3000 1)
(7000 3000 1)
(7500 3000 1)
(8000 3000 1)
(8500 3000 1)
(9000 3000 1)
(9500 3000 1)
(10000 3000 1)
(0 3250 1)
(500 3250 1)
(1000 3250 1)
(1500 3250 1)
(2000 3250 1)
(2500 3250 1)
(3000 3250 1)
(3500 3250 1)
(4000 3250 1)
(4500 3250 1)
(5000 3250 1)
(5500 3250 1)
(6000 3250 1)
(6500 3250 1)
(7000 3250 1)
(7500 3250 1)
(8000 3250 1)
(8500 3250 1)
(9000 3250 1)
(9500 3250 1)
(10000 3250 1)
(0 3500 1)
(500 3500 1)
(1000 3500 1)
(1500 3500 1)
(2000 3500 1)
(2500 3500 1)
(3000 3500 1)
(3500 3500 1)
(4000 3500 1)
(4500 3500 1)
(5000 3500 1)
(5500 3500 1)
(6000 3500 1)
(6500 3500 1)
(7000 3500 1)
(7500 3500 1)
(8000 3500 1)
(8500 3500 1)
(9000 3500 1)
(9500 3500 1)
(10000 3500 1)
(0 3750 1)
(500 3750 1)
(1000 3750 1)
(1500 3750 1)
(2000 3750 1)
(2500 3750 1)
(3000 3750 1)
(3500 3750 1)
(4000 3750 1)
(4500 3750 1)
(5000 3750 1)
(5500 3750 1)
(6000 3750 1)
(6500 3750 1)
(7000 3750 1)
(7500 3750 1)
(8000 3750 1)
(8500 3750 1)
(9000 3750 1)
(9500 3750 1)
(10000 3750 1)
(0 4000 1)
(500 4000 1)
(1000 4000 1)
(1500 4000 1)
(2000 4000 1)
(2500 4000 1)
(3000 4000 1)
(3500 4000 1)
(4000 4000 1)
(4500 4000 1)
(5000 4000 1)
(5500 4000 1)
(6000 4000 1)
(6500 4000 1)
(7000 4000 1)
(7500 4000 1)
(8000 4000 1)
(8500 4000 1)
(9000 4000 1)
(9500 4000 1)
(10000 4000 1)
(0 4250 1)
(500 4250 1)
(1000 4250 1)
(1500 4250 1)
(2000 4250 1)
(2500 4250 1)
(3000 4250 1)
(3500 4250 1)
(4000 4250 1)
(4500 4250 1)
(5000 4250 1)
(5500 4250 1)
(6000 4250 1)
(6500 4250 1)
(7000 4250 1)
(7500 4250 1)
(8000 4250 1)
(8500 4250 1)
(9000 4250 1)
(9500 4250 1)
(10000 4250 1)
(0 4500 1)
(500 4500 1)
(1000 4500 1)
(1500 4500 1)
(2000 4500 1)
(2500 4500 1)
(3000 4500 1)
(3500 4500 1)
(4000 4500 1)
(4500 4500 1)
(5000 4500 1)
(5500 4500 1)
(6000 4500 1)
(6500 4500 1)
(7000 4500 1)
(7500 4500 1)
(8000 4500 1)
(8500 4500 1)
(9000 4500 1)
(9500 4500 1)
(10000 4500 1)
(0 4750 1)
(500 4750 1)
(1000 4750 1)
(1500 4750 1)
(2000 4750 1)
(2500 4750 1)
(3000 4750 1)
(3500 4750 1)
(4000 4750 1)
(4500 4750 1)
(5000 4750 1)
(5500 4750 1)
(6000 4750 1)
(6500 4750 1)
(7000 4750 1)
(7500 4750 1)
(8000 4750 1)
(8500 4750 1)
(9000 4750 1)
(9500 4750 1)
(10000 4750 1)
(0 5000 1)
(500 5000 1)
(1000 5000 1)
(1500 5000 1)
(2000 5000 1)
(2500 5000 1)
(3000 5000 1)
(3500 5000 1)
(4000 5000 1)
(4500 5000 1)
(5000 5000 1)
(5500 5000 1)
(6000 5000 1)
(6500 5000 1)
(7000 5000 1)
(7500 5000 1)
(8000 5000 1)
(8500 5000 1)
(9000 5000 1)
(9500 5000 1)
(10000 5000 1)
(0 5250 1)
(500 5250 1)
(1000 5250 1)
(1500 5250 1)
(2000 5250 1)
(2500 5250 1)
(3000 5250 1)
(3500 5250 1)
(4000 5250 1)
(4500 5250 1)
(5000 5250 1)
(5500 5250 1)
(6000 5250 1)
(6500 5250 1)
(7000 5250 1)
(7500 5250 1)
(8000 5250 1)
(8500 5250 1)
(9000 5250 1)
(9500 5250 1)
(10000 5250 1)
(0 5500 1)
(500 5500 1)
(1000 5500 1)
(1500 5500 1)
(2000 5500 1)
(2500 5500 1)
(3000 5500 1)
(3500 5500 1)
(4000 5500 1)
(4500 5500 1)
(5000 5500 1)
(5500 5500 1)
(6000 5500 1)
(6500 5500 1)
(7000 5500 1)
(7500 5500 1)
(8000 5500 1)
(8500 5500 1)
(9000 5500 1)
(9500 5500 1)
(10000 5500 1)
(0 5750 1)
(500 5750 1)
(1000 5750 1)
(1500 5750 1)
(2000 5750 1)
(2500 5750 1)
(3000 5750 1)
(3500 5750 1)
(4000 5750 1)
(4500 5750 1)
(5000 5750 1)
(5500 5750 1)
(6000 5750 1)
(6500 5750 1)
(7000 5750 1)
(7500 5750 1)
(8000 5750 1)
(8500 5750 1)
(9000 5750 1)
(9500 5750 1)
(10000 5750 1)
(0 6000 1)
(500 6000 1)
(1000 6000 1)
(1500 6000 1)
(2000 6000 1)
(2500 6000 1)
(3000 6000 1)
(3500 6000 1)
(4000 6000 1)
(4500 6000 1)
(5000 6000 1)
(5500 6000 1)
(6000 6000 1)
(6500 6000 1)
(7000 6000 1)
(7500 6000 1)
(8000 6000 1)
(8500 6000 1)
(9000 6000 1)
(9500 6000 1)
(10000 6000 1)
(0 6250 1)
(500 6250 1)
(1000 6250 1)
(1500 6250 1)
(2000 6250 1)
(2500 6250 1)
(3000 6250 1)
(3500 6250 1)
(4000 6250 1)
(4500 6250 1)
(5000 6250 1)
(5500 6250 1)
(6000 6250 1)
(6500 6250 1)
(7000 6250 1)
(7500 6250 1)
(8000 6250 1)
(8500 6250 1)
(9000 6250 1)
(9500 6250 1)
(10000 6250 1)
(0 6500 1)
(500 6500 1)
(1000 6500 1)
(1500 6500 1)
(2000 6500 1)
(2500 6500 1)
(3000 6500 1)
(3500 6500 1)
(4000 6500 1)
(4500 6500 1)
(5000 6500 1)
(5500 6500 1)
(6000 6500 1)
(6500 6500 1)
(7000 6500 1)
(7500 6500 1)
(8000 6500 1)
(8500 6500 1)
(9000 6500 1)
(9500 6500 1)
(10000 6500 1)
(0 6750 1)
(500 6750 1)
(1000 6750 1)
(1500 6750 1)
(2000 6750 1)
(2500 6750 1)
(3000 6750 1)
(3500 6750 1)
(4000 6750 1)
(4500 6750 1)
(5000 6750 1)
(5500 6750 1)
(6000 6750 1)
(6500 6750 1)
(7000 6750 1)
(7500 6750 1)
(8000 6750 1)
(8500 6750 1)
(9000 6750 1)
(9500 6750 1)
(10000 6750 1)
(0 7000 1)
(500 7000 1)
(1000 7000 1)
(1500 7000 1)
(2000 7000 1)
(2500 7000 1)
(3000 7000 1)
(3500 7000 1)
(4000 7000 1)
(4500 7000 1)
(5000 7000 1)
(5500 7000 1)
(6000 7000 1)
(6500 7000 1)
(7000 7000 1)
(7500 7000 1)
(8000 7000 1)
(8500 7000 1)
(9000 7000 1)
(9500 7000 1)
(10000 7000 1)
(0 7250 1)
(500 7250 1)
(1000 7250 1)
(1500 7250 1)
(2000 7250 1)
(2500 7250 1)
(3000 7250 1)
(3500 7250 1)
(4000 7250 1)
(4500 7250 1)
(5000 7250 1)
(5500 7250 1)
(6000 7250 1)
(6500 7250 1)
(7000 7250 1)
(7500 7250 1)
(8000 7250 1)
(8500 7250 1)
(9000 7250 1)
(9500 7250 1)
(10000 7250 1)
(0 7500 1)
(500 7500 1)
(1000 7500 1)
(1500 7500 1)
(2000 7500 1)
(2500 7500 1)
(3000 7500 1)
(3500 7500 1)
(4000 7500 1)
(4500 7500 1)
(5000 7500 1)
(5500 7500 1)
(6000 7500 1)
(6500 7500 1)
(7000 7500 1)
(7500 7500 1)
(8000 7500 1)
(8500 7500 1)
(9000 7500 1)
(9500 7500 1)
(10000 7500 1)
(0 7750 1)
(500 7750 1)
(1000 7750 1)
(1500 7750 1)
(2000 7750 1)
(2500 7750 1)
(3000 7750 1)
(3500 7750 1)
(4000 7750 1)
(4500 7750 1)
(5000 7750 1)
(5500 7750 1)
(6000 7750 1)
(6500 7750 1)
(7000 7750 1)
(7500 7750 1)
(8000 7750 1)
(8500 7750 1)
(9000 7750 1)
(9500 7750 1)
(10000 7750 1)
(0 8000 1)
(500 8000 1)
(1000 8000 1)
(1500 8000 1)
(2000 8000 1)
(2500 8000 1)
(3000 8000 1)
(3500 8000 1)
(4000 8000 1)
(4500 8000 1)
(5000 8000 1)
(5500 8000 1)
(6000 8000 1)
(6500 8000 1)
(7000 8000 1)
(7500 8000 1)
(8000 8000 1)
(8500 8000 1)
(9000 8000 1)
(9500 8000 1)
(10000 8000 1)
(0 8250 1)
(500 8250 1)
(1000 8250 1)
(1500 8250 1)
(2000 8250 1)
(2500 8250 1)
(3000 8250 1)
(3500 8250 1)
(4000 8250 1)
(4500 8250 1)
(5000 8250 1)
(5500 8250 1)
(6000 8250 1)
(6500 8250 1)
(7000 8250 1)
(7500 8250 1)
(8000 8250 1)
(8500 8250 1)
(9000 8250 1)
(9500 8250 1)
(10000 8250 1)
(0 8500 1)
(500 8500 1)
(1000 8500 1)
(1500 8500 1)
(2000 8500 1)
(2500 8500 1)
(3000 8500 1)
(3500 8500 1)
(4000 8500 1)
(4500 8500 1)
(5000 8500 1)
(5500 8500 1)
(6000 8500 1)
(6500 8500 1)
(7000 8500 1)
(7500 8500 1)
(8000 8500 1)
(8500 8500 1)
(9000 8500 1)
(9500 8500 1)
(10000 8500 1)
(0 8750 1)
(500 8750 1)
(1000 8750 1)
(1500 8750 1)
(2000 8750 1)
(2500 8750 1)
(3000 8750 1)
(3500 8750 1)
(4000 8750 1)
(4500 8750 1)
(5000 8750 1)
(5500 8750 1)
(6000 8750 1)
(6500 8750 1)
(7000 8750 1)
(7500 8750 1)
(8000 8750 1)
(8500 8750 1)
(9000 8750 1)
(9500 8750 1)
(10000 8750 1)
(0 9000 1)
(500 9000 1)
(1000 9000 1)
(1500 9000 1)
(2000 9000 1)
(2500 9000 1)
(3000 9000 1)
(3500 9000 1)
(4000 9000 1)
(4500 9000 1)
(5000 9000 1)
(5500 9000 1)
(6000 9000 1)
(6500 9000 1)
(7000 9000 1)
(7500 9000 1)
(8000 9000 1)
(8500 9000 1)
(9000 9000 1)
(9500 9000 1)
(10000 9000 1)
(0 9250 1)
(500 9250 1)
(1000 9250 1)
(1500 9250 1)
(2000 9250 1)
(2500 9250 1)
(3000 9250 1)
(3500 9250 1)
(4000 9250 1)
(4500 9250 1)
(5000 9250 1)
(5500 9250 1)
(6000 9250 1)
(6500 9250 1)
(7000 9250 1)
(7500 9250 1)
(8000 9250 1)
(8500 9250 1)
(9000 9250 1)
(9500 9250 1)
(10000 9250 1)
(0 9500 1)
(500 9500 1)
(1000 9500 1)
(1500 9500 1)
(2000 9500 1)
(2500 9500 1)
(3000 9500 1)
(3500 9500 1)
(4000 9500 1)
(4500 9500 1)
(5000 9500 1)
(5500 9500 1)
(6000 9500 1)
(6500 9500 1)
(7000 9500 1)
(7500 9500 1)
(8000 9500 1)
(8500 9500 1)
(9000 9500 1)
(9500 9500 1)
(10000 9500 1)
(0 9750 1)
(500 9750 1)
(1000 9750 1)
(1500 9750 1)
(2000 9750 1)
(2500 9750 1)
(3000 9750 1)
(3500 9750 1)
(4000 9750 1)
(4500 9750 1)
(5000 9750 1)
(5500 9750 1)
(6000 9750 1)
(6500 9750 1)
(7000 9750 1)
(7500 9750 1)
(8000 9750 1)
(8500 9750 1)
(9000 9750 1)
(9500 9750 1)
(10000 9750 1)
(0 10000 1)
(500 10000 1)
(1000 10000 1)
(1500 10000 1)
(2000 10000 1)
(2500 10000 1)
(3000 10000 1)
(3500 10000 1)
(4000 10000 1)
(4500 10000 1)
(5000 10000 1)
(5500 10000 1)
(6000 10000 1)
(6500 10000 1)
(7000 10000 1)
(7500 10000 1)
(8000 10000 1)
(8500 10000 1)
(9000 10000 1)
(9500 10000 1)
(10000 10000 1)
)


// ************************************************************************* //
