/*--------------------------------*- C++ -*----------------------------------*\
| =========                 |                                                 |
| \\      /  F ield         | OpenFOAM: The Open Source CFD Toolbox           |
|  \\    /   O peration     | Version:  v2412                                 |
\*---------------------------------------------------------------------------*/
FoamFile
{
    version     2.0;
    format      ascii;
    class       volScalarField;
    object      h;
}
// * * * * * * * * * * * * * * * * * * * * * * * * * * * * * * * * * * * * //
// h = total water depth (prognostic variable)
// Initialised to bathymetric depth H(x,y) from topo file.
// Dry cells (H=0) set to 0.01 m to avoid division by zero.
// Free surface starts flat: zeta = 0, so h = H everywhere.

dimensions      [0 1 0 0 0 0 0];

internalField   nonuniform List<scalar>
800
(
0.01
0.01
0.01
0.01
0.01
0.01
0.01
0.01
0.01
0.01
0.01
0.01
0.01
0.01
0.01
0.01
0.01
0.01
0.01
0.01
0.01
0.01
0.01
0.01
10
10
10
10
0.01
0.01
0.01
0.01
0.01
0.01
0.01
0.01
0.01
0.01
0.01
0.01
0.01
0.01
0.01
0.01
10
10
10
10
10
10
0.01
0.01
0.01
0.01
0.01
0.01
0.01
0.01
0.01
0.01
0.01
0.01
0.01
10
10
10
10
10
10
10
10
10
10
10
10
10
10
10
10
0.01
0.01
0.01
0.01
10
10
10
10
10
10
10
10
10
10
10
10
20
20
10
10
0.01
0.01
10
10
10
10
10
10
20
20
20
20
10
20
20
20
20
20
10
10
0.01
0.01
10
10
10
10
10
20
20
20
30
30
30
30
30
20
20
10
0.01
0.01
0.01
0.01
10
10
10
10
20
20
30
30
40
40
30
30
20
10
10
0.01
0.01
0.01
0.01
0.01
0.01
10
10
10
10
20
30
30
40
40
30
30
20
10
10
10
0.01
0.01
0.01
0.01
0.01
0.01
10
10
10
20
30
30
30
30
30
30
20
10
10
10
0.01
0.01
0.01
0.01
0.01
0.01
0.01
10
20
20
30
30
30
20
20
20
20
10
10
0.01
0.01
0.01
0.01
0.01
0.01
0.01
0.01
10
20
20
20
20
20
20
20
20
20
10
10
0.01
0.01
0.01
0.01
0.01
0.01
0.01
0.01
10
20
20
20
10
10
10
10
10
20
20
10
10
0.01
0.01
0.01
0.01
0.01
0.01
0.01
10
20
20
20
10
10
10
10
10
20
20
10
10
10
0.01
0.01
0.01
0.01
0.01
10
10
20
20
20
10
10
10
10
20
20
20
10
10
10
0.01
0.01
0.01
0.01
0.01
10
10
10
20
20
20
20
20
20
20
20
10
10
10
10
0.01
0.01
0.01
0.01
0.01
10
10
10
10
20
20
20
20
20
20
10
10
10
10
10
0.01
0.01
0.01
0.01
0.01
10
10
10
10
20
20
10
10
10
10
10
10
10
10
0.01
0.01
0.01
0.01
0.01
0.01
10
10
10
10
20
20
10
10
10
10
10
10
10
10
10
10
0.01
0.01
0.01
0.01
0.01
0.01
10
10
20
20
10
10
10
10
0.01
0.01
10
10
10
10
0.01
0.01
0.01
0.01
0.01
0.01
0.01
10
20
20
10
10
0.01
0.01
0.01
0.01
0.01
0.01
0.01
0.01
0.01
0.01
0.01
10
10
10
10
10
20
20
10
10
10
10
10
0.01
0.01
0.01
0.01
0.01
0.01
0.01
0.01
10
10
10
10
10
20
20
10
10
10
10
10
10
10
10
10
10
0.01
0.01
10
10
10
10
10
10
20
20
10
10
10
10
10
10
20
20
10
10
0.01
0.01
10
10
10
10
10
10
20
20
20
20
10
20
20
20
20
20
10
10
0.01
0.01
10
10
10
10
10
20
20
20
20
30
30
30
30
20
20
10
0.01
0.01
0.01
0.01
0.01
0.01
10
10
20
20
30
30
30
40
30
30
20
10
10
0.01
0.01
0.01
0.01
0.01
0.01
0.01
10
10
10
20
30
40
40
40
30
30
20
10
10
0.01
0.01
0.01
0.01
0.01
0.01
0.01
10
10
10
20
30
30
30
30
30
30
20
10
0.01
0.01
0.01
0.01
0.01
0.01
0.01
0.01
0.01
10
20
20
30
30
30
20
20
20
20
10
0.01
0.01
0.01
0.01
0.01
0.01
0.01
0.01
10
10
20
20
20
20
20
20
20
20
20
10
10
0.01
0.01
0.01
0.01
0.01
0.01
0.01
10
10
20
20
20
10
0.01
0.01
0.01
10
20
20
10
10
0.01
0.01
0.01
0.01
0.01
0.01
10
10
20
20
20
0.01
0.01
0.01
0.01
10
20
20
10
10
10
0.01
0.01
0.01
0.01
10
10
10
20
20
20
10
0.01
10
10
20
20
20
10
10
10
0.01
0.01
0.01
0.01
10
10
10
10
20
20
20
20
20
20
20
20
10
10
10
10
0.01
0.01
0.01
0.01
10
10
10
10
10
10
10
10
20
20
20
10
10
10
10
10
0.01
0.01
0.01
0.01
0.01
0.01
0.01
0.01
10
10
10
10
10
10
10
10
10
10
10
0.01
0.01
0.01
0.01
0.01
0.01
0.01
0.01
0.01
0.01
0.01
0.01
10
10
10
10
10
10
10
0.01
0.01
0.01
0.01
0.01
0.01
0.01
0.01
0.01
0.01
0.01
0.01
0.01
0.01
10
10
10
10
10
0.01
0.01
0.01
0.01
0.01
0.01
0.01
0.01
0.01
0.01
0.01
0.01
0.01
0.01
0.01
0.01
0.01
0.01
0.01
0.01
0.01
0.01
0.01
0.01
0.01
);

boundaryField
{
    west   { type zeroGradient; }
    east   { type zeroGradient; }
    south  { type zeroGradient; }
    north  { type zeroGradient; }
    front  { type empty; }
    back   { type empty; }
}

// ************************************************************************* //