/*--------------------------------*- C++ -*----------------------------------*\
| =========                 |                                                 |
| \\      /  F ield         | OpenFOAM: The Open Source CFD Toolbox           |
|  \\    /   O peration     | Version:  2412                                  |
|   \\  /    A nd           | Website:  www.openfoam.com                      |
|    \\/     M anipulation  |                                                 |
\*---------------------------------------------------------------------------*/
FoamFile
{
    version     2.0;
    format      ascii;
    arch        "LSB;label=32;scalar=64";
    class       volScalarField;
    location    "1";
    object      zb;
}
// * * * * * * * * * * * * * * * * * * * * * * * * * * * * * * * * * * * * * //

dimensions      [0 1 0 0 0 0 0];

internalField   nonuniform List<scalar> 
800
(
0
0
0
0
0
0
0
0
0
0
0
0
0
0
0
0
0
0
0
0
0
0
0
0
0
0
0
0
0
0
10
10
10
10
10
0
0
0
0
0
0
0
0
0
0
0
0
0
0
10
10
10
10
10
10
10
0
0
0
0
0
0
0
0
0
0
10
10
10
10
10
10
10
10
10
10
10
0
0
0
0
0
10
10
10
10
10
10
10
10
20
20
20
10
10
10
10
10
0
0
0
0
10
10
10
10
20
20
20
20
20
20
20
20
10
10
10
10
0
0
0
0
10
10
10
20
20
20
10
0
10
10
20
20
20
10
10
10
0
0
0
0
0
10
10
20
20
20
0
0
0
0
10
20
20
10
10
10
0
0
0
0
0
10
10
20
20
20
10
0
0
0
10
20
20
10
10
0
0
0
0
0
0
10
10
20
20
20
20
20
20
20
20
20
10
10
0
0
0
0
0
0
0
0
10
20
20
30
30
30
20
20
20
20
10
0
0
0
0
0
0
0
0
10
10
10
20
30
30
30
30
30
30
20
10
0
0
0
0
0
0
0
0
10
10
10
20
30
40
40
40
30
30
20
10
10
0
0
0
0
0
0
0
10
10
20
20
30
30
30
40
30
30
20
10
10
0
0
0
0
0
10
10
10
10
10
20
20
20
20
30
30
30
30
20
20
10
0
0
0
0
10
10
10
10
10
10
20
20
20
20
10
20
20
20
20
20
10
10
0
0
10
10
10
10
10
10
20
20
10
10
10
10
10
10
20
20
10
10
0
0
0
10
10
10
10
10
20
20
10
10
10
10
10
10
10
10
10
10
0
0
0
10
10
10
10
10
20
20
10
10
10
10
10
0
0
0
0
0
0
0
0
0
0
0
0
10
20
20
10
10
0
0
0
0
0
0
0
0
0
0
0
0
0
0
10
10
20
20
10
10
10
10
0
0
10
10
10
10
0
0
0
0
10
10
10
10
20
20
10
10
10
10
10
10
10
10
10
10
0
0
0
0
10
10
10
10
20
20
10
10
10
10
10
10
10
10
0
0
0
0
0
0
10
10
10
10
20
20
20
20
20
20
10
10
10
10
10
0
0
0
0
0
10
10
10
20
20
20
20
20
20
20
20
10
10
10
10
0
0
0
0
0
10
10
20
20
20
10
10
10
10
20
20
20
10
10
10
0
0
0
0
0
0
10
20
20
20
10
10
10
10
10
20
20
10
10
10
0
0
0
0
0
0
10
20
20
20
10
10
10
10
10
20
20
10
10
0
0
0
0
0
0
0
10
20
20
20
20
20
20
20
20
20
10
10
0
0
0
0
0
0
0
0
10
20
20
30
30
30
20
20
20
20
10
10
0
0
0
0
0
0
0
10
10
10
20
30
30
30
30
30
30
20
10
10
10
0
0
0
0
0
10
10
10
10
20
30
30
40
40
30
30
20
10
10
10
0
0
0
0
10
10
10
10
20
20
30
30
40
40
30
30
20
10
10
0
0
0
0
0
10
10
10
10
10
20
20
20
30
30
30
30
30
20
20
10
0
0
0
0
10
10
10
10
10
10
20
20
20
20
10
20
20
20
20
20
10
10
0
0
0
0
10
10
10
10
10
10
10
10
10
10
10
10
20
20
10
10
0
0
0
0
10
10
10
10
10
10
10
10
10
10
10
10
10
10
10
10
0
0
0
0
0
10
10
10
10
10
10
0
0
0
0
0
0
0
0
0
0
0
0
0
0
10
10
10
10
0
0
0
0
0
0
0
0
0
0
0
0
0
0
0
0
0
0
0
0
0
0
0
0
0
0
0
0
0
0
0
0
)
;

boundaryField
{
    west
    {
        type            zeroGradient;
    }
    east
    {
        type            zeroGradient;
    }
    south
    {
        type            zeroGradient;
    }
    north
    {
        type            zeroGradient;
    }
    front
    {
        type            empty;
    }
    back
    {
        type            empty;
    }
}


// ************************************************************************* //
